3
24
0
27
1.5
27
1.5
27.5
0.5
27.5
0.5
34.5
2.5
34.5
2.5
34
3
34
3
35
0
35
0
50
50
50
50
35
47
35
47
34
47.5
34
47.5
34.5
49.5
34.5
49.5
27.5
48
27.5
48
27
50
27
50
0
0
0
27
4
25
9
25
8.5
25.5
8.5
25.5
9
4
47
32.5
47
32
47.5
32
47.5
32.5
4
47
30.5
47
30
47.5
30
47.5
30.5
4
47
28.5
47
28
47.5
28
47.5
28.5
4
40.5
34.5
40.5
42.5
32.5
42.5
32.5
34.5
4
31
27
31
26.5
31.5
26.5
31.5
27
8
33
7
33
8
32.5
8
32.5
7.5
30.5
7.5
30.5
8
30
8
30
7
18
28.5
19
28.5
19
29
19
29
20
29.5
20
29.5
21
30
21
30
22.5
30.5
22.5
30.5
26.5
30
26.5
30
22.5
29.5
22.5
29.5
21
29
21
29
20
28.5
20
28.5
19
6
27.5
18.5
27.5
18
28
18
28
18.5
28
18.5
28
18.5
10
26.5
12.5
26.5
12
30
12
30
11.5
30.5
11.5
30.5
12
32.5
12
32.5
11
33
11
33
12.5
22
26.5
10
26.5
9.5
27.5
9.5
27.5
9
28
9
28
9.5
30
9.5
30
9
30.5
9
30.5
9.5
32.5
9.5
32.5
9
33
9
33
10
30.5
10
30.5
10.5
30
10.5
30
10
28
10
28
11
27.5
11
27.5
10
4
26.5
17
26
17
26
16
26.5
16
4
26.5
14.5
26
14.5
26
13
26.5
13
4
25.5
11.5
25
11.5
25
10.5
25.5
10.5
4
24.5
17
24
17
24
16
24.5
16
4
24.5
14.5
24
14.5
24
13
24.5
13
4
22.5
7.5
22.5
7
28
7
28
7.5
52
21
28.5
21.5
28.5
21.5
29.5
22
29.5
22
30.5
22.5
30.5
22.5
31
23
31
23
31.5
24
31.5
24
32
26.5
32
26.5
31.5
27.5
31.5
27.5
31
28
31
28
30.5
28.5
30.5
28.5
29.5
29
29.5
29
28.5
29.5
28.5
29.5
27.5
30
27.5
30
28.5
29.5
28.5
29.5
29.5
29
29.5
29
30.5
28.5
30.5
28.5
31
28
31
28
31.5
27.5
31.5
27.5
32
26.5
32
26.5
32.5
24
32.5
24
32
23
32
23
31.5
22.5
31.5
22.5
31
22
31
22
30.5
21.5
30.5
21.5
29.5
21
29.5
21
28.5
20.5
28.5
20.5
27.5
21
27.5
24
20.5
26.5
20
26.5
20
22.5
20.5
22.5
20.5
21
21
21
21
20
21.5
20
21.5
19
22
19
22
18.5
22.5
18.5
22.5
18
23
18
23
18.5
22.5
18.5
22.5
19
22
19
22
20
21.5
20
21.5
21
21
21
21
22.5
20.5
22.5
4
19
27
19
26.5
19.5
26.5
19.5
27
10
18
12
20
12
20
11.5
20.5
11.5
20.5
12
24
12
24
12.5
17.5
12.5
17.5
11
18
11
22
18
9.5
20
9.5
20
9
20.5
9
20.5
9.5
22.5
9.5
22.5
9
23
9
23
9.5
24
9.5
24
10
23
10
23
11
22.5
11
22.5
10
20.5
10
20.5
10.5
20
10.5
20
10
17.5
10
17.5
9
18
9
8
20.5
7
20.5
8
20
8
20
7.5
18
7.5
18
8
17.5
8
17.5
7
4
18
34.5
18
42.5
10
42.5
10
34.5
4
2.5
32.5
2.5
32
3
32
3
32.5
4
2.5
30.5
2.5
30
3
30
3
30.5
4
2.5
28.5
2.5
28
3
28
3
28.5
4
33
42
40
42
40
35
33
35
0
4
10.5
42
17.5
42
17.5
35
10.5
35
0
50
17
8
17
9
17
10
17
11
17.5
8
17.5
9
17.5
10
17.5
11
18
8
18
9
18
10
18
11
18.5
8
18.5
9
18.5
10
18.5
11
19.5
8
19.5
9
19.5
10.5
19.5
11.5
20
8
20
9
20
10.5
20
11.5
20
26.5
20
27.5
20.5
8
20.5
9
20.5
10.5
20.5
11.5
20.5
26.5
20.5
27.5
21
8
21
9
21
10.5
21
11.5
21
26.5
21
27.5
22
11
22
12
22.5
11
22.5
12
23
11
23
12
23.5
11
23.5
12
24.5
7.5
24.5
8.5
25
7.5
25
8.5
25.5
7.5
25.5
8.5
26
7.5
26
8.5
27
11
27
12
27.5
11
27.5
12
28
11
28
12
28.5
11
28.5
12
29.5
8
29.5
9
29.5
10.5
29.5
11.5
29.5
26.5
29.5
27.5
30
8
30
9
30
10.5
30
11.5
30
26.5
30
27.5
30.5
8
30.5
9
30.5
10.5
30.5
11.5
30.5
26.5
30.5
27.5
31
8
31
9
31
10.5
31
11.5
32
8
32
9
32
10
32
11
32.5
8
32.5
9
32.5
10
32.5
11
33
8
33
9
33
10
33
11
33.5
8
33.5
9
33.5
10
33.5
11
21
19.5
26.5
20
26.5
19.5
27
20
26.5
21.5
19
22
18.5
21.5
30.5
22
31
22
18.5
22.5
18
22
31
22.5
31.5
22.5
19
23
18.5
22.5
30.5
23
31
22.5
31.5
23
32
24
12.5
24
13
24
12.5
24.5
13
26
13
26.5
12.5
26.5
12.5
26.5
13
27.5
31
28
30.5
27.5
32
28
31.5
28
18.5
28.5
19
28
31.5
28.5
31
28.5
31
29
30.5
30.5
26.5
31
26.5
30.5
26.5
31
27
47.5
28
48
27.5
7
1.5
27.5
2.5
28
25.5
10.5
26.5
10
24
10
25
10.5
25.5
9
26.5
9.5
25.5
11.5
26.5
12
24
9.5
25
9
24
12
25
11.5
